<?xml version="1.0"?>
<opencv_storage>
<version>"1.1.2"</version>
<allFeatures>
  171 394 174 435 179 476 188 519 203 563 227 604 259 638 296 664 338
  675 380 665 417 641 449 609 473 568 487 523 495 479 501 436 503 393
  206 366 226 353 250 348 277 350 302 358 374 357 400 349 427 346 452
  351 472 365 338 404 338 435 338 465 339 496 311 513 324 518 338 521
  352 518 366 513 240 409 256 399 276 400 292 409 275 414 257 415 383
  408 400 398 420 398 437 407 420 413 401 413 281 567 297 556 317 549
  338 553 360 549 380 556 396 566 380 580 360 590 338 593 317 590 297
  581 315 564 338 567 361 564 360 567 338 571 315 567</allFeatures>
<faceOutline>
  206 366 226 353 250 348 277 350 302 358 374 357 400 349 427 346 452
  351 472 365 503 393 501 436 495 479 487 523 473 568 449 609 417 641
  380 665 338 675 296 664 259 638 227 604 203 563 188 519 179 476 174
  435 171 394</faceOutline>
<faceOutlineFeature>
  2.06628159e+02 3.66900116e+02 0. 2.26042130e+02 3.53295715e+02 0.
  2.50920151e+02 3.48137970e+02 0. 2.77005096e+02 3.50671814e+02 0.
  3.02113770e+02 3.58630737e+02 0. 3.74860016e+02 3.57459351e+02 0.
  4.00620270e+02 3.49016968e+02 0. 4.27288116e+02 3.46235077e+02 0.
  4.52713196e+02 3.51584747e+02 0. 4.72505524e+02 3.65580994e+02 0.
  5.03916840e+02 3.93837769e+02 0. 5.01158051e+02 4.36642670e+02 0.
  4.95451080e+02 4.79016541e+02 0. 4.87100769e+02 5.23168945e+02 0.
  4.73255005e+02 5.68890869e+02 0. 4.49389984e+02 6.09547485e+02 0.
  4.17389771e+02 6.41648682e+02 0. 3.80186890e+02 6.65500000e+02 0.
  3.38574829e+02 6.75788818e+02 0. 2.96588501e+02 6.64138489e+02 0.
  2.59477997e+02 6.38476807e+02 0. 2.27770065e+02 6.04964966e+02 0.
  2.03625015e+02 5.63849426e+02 0. 1.88553101e+02 5.19077515e+02 0.
  1.79587967e+02 4.76450165e+02 0. 1.74045975e+02 4.35815186e+02 0.
  1.71764481e+02 3.94640594e+02 0.</faceOutlineFeature>
<faceJawlineFeature>
  1.71764481e+02 3.94640594e+02 0. 1.74045975e+02 4.35815186e+02 0.
  1.79587967e+02 4.76450165e+02 0. 1.88553101e+02 5.19077515e+02 0.
  2.03625015e+02 5.63849426e+02 0. 2.27770065e+02 6.04964966e+02 0.
  2.59477997e+02 6.38476807e+02 0. 2.96588501e+02 6.64138489e+02 0.
  3.38574829e+02 6.75788818e+02 0. 3.80186890e+02 6.65500000e+02 0.
  4.17389771e+02 6.41648682e+02 0. 4.49389984e+02 6.09547485e+02 0.
  4.73255005e+02 5.68890869e+02 0. 4.87100769e+02 5.23168945e+02 0.
  4.95451080e+02 4.79016541e+02 0. 5.01158051e+02 4.36642670e+02 0.
  5.03916840e+02 3.93837769e+02 0.</faceJawlineFeature>
<faceEyesDistance>144</faceEyesDistance>
<headHeight>5.2943841552734375e+02</headHeight>
<faceEyesPosition1>
  2.6650000000000000e+02 4.0750000000000000e+02</faceEyesPosition1>
<faceEyesPosition2>
  4.1050000000000000e+02 406.</faceEyesPosition2>
</opencv_storage>
