<?xml version="1.0"?>
<opencv_storage>
<version>"1.1.2"</version>
<allFeatures>
  162 310 164 330 168 349 173 369 180 392 192 412 207 429 225 441 244
  447 265 441 284 428 301 411 314 390 321 366 325 344 326 324 327 304
  173 304 182 298 194 296 206 298 217 301 254 299 266 294 279 292 292
  293 303 297 238 324 238 340 239 355 239 370 226 378 233 380 241 381
  249 379 256 376 190 324 198 320 207 320 215 324 207 327 198 327 262
  322 269 317 279 316 287 320 279 323 270 324 212 400 221 397 231 394
  242 397 253 393 265 395 275 398 266 406 255 411 243 414 232 412 221
  408 229 401 242 403 256 400 256 401 242 404 229 402</allFeatures>
<faceOutline>
  173 304 182 298 194 296 206 298 217 301 254 299 266 294 279 292 292
  293 303 297 327 304 326 324 325 344 321 366 314 390 301 411 284 428
  265 441 244 447 225 441 207 429 192 412 180 392 173 369 168 349 164
  330 162 310</faceOutline>
<faceOutlineFeature>
  1.73868912e+02 3.04150452e+02 0. 1.82683563e+02 2.98729980e+02 0.
  1.94047592e+02 2.96795746e+02 0. 2.06129608e+02 2.98024048e+02 0.
  2.17957520e+02 3.01573242e+02 0. 2.54861328e+02 2.99665527e+02 0.
  2.66996399e+02 2.94878387e+02 0. 2.79727692e+02 2.92486481e+02 0.
  2.92282043e+02 2.93277924e+02 0. 3.03008820e+02 2.97785706e+02 0.
  3.27036194e+02 3.04207397e+02 0. 3.26885284e+02 3.24655975e+02 0.
  3.25257721e+02 3.44783142e+02 0. 3.21765869e+02 3.66665985e+02 0.
  3.14434479e+02 3.90086884e+02 0. 3.01557373e+02 4.11407410e+02 0.
  2.84832886e+02 4.28313324e+02 0. 2.65864746e+02 4.41427216e+02 0.
  2.44773849e+02 4.47841156e+02 0. 2.25241455e+02 4.41852478e+02 0.
  2.07635925e+02 4.29187683e+02 0. 1.92196732e+02 4.12833801e+02 0.
  1.80451218e+02 3.92217468e+02 0. 1.73094879e+02 3.69851929e+02 0.
  1.68267044e+02 3.49087708e+02 0. 1.64538147e+02 3.30086121e+02 0.
  1.62409546e+02 3.10510376e+02 0.</faceOutlineFeature>
<faceJawlineFeature>
  1.62409546e+02 3.10510376e+02 0. 1.64538147e+02 3.30086121e+02 0.
  1.68267044e+02 3.49087708e+02 0. 1.73094879e+02 3.69851929e+02 0.
  1.80451218e+02 3.92217468e+02 0. 1.92196732e+02 4.12833801e+02 0.
  2.07635925e+02 4.29187683e+02 0. 2.25241455e+02 4.41852478e+02 0.
  2.44773849e+02 4.47841156e+02 0. 2.65864746e+02 4.41427216e+02 0.
  2.84832886e+02 4.28313324e+02 0. 3.01557373e+02 4.11407410e+02 0.
  3.14434479e+02 3.90086884e+02 0. 3.21765869e+02 3.66665985e+02 0.
  3.25257721e+02 3.44783142e+02 0. 3.26885284e+02 3.24655975e+02 0.
  3.27036194e+02 3.04207397e+02 0.</faceJawlineFeature>
<faceEyesDistance>72</faceEyesDistance>
<headHeight>2.4693487548828125e+02</headHeight>
<faceEyesPosition1>
  203. 324.</faceEyesPosition1>
<faceEyesPosition2>
  275. 3.2050000000000000e+02</faceEyesPosition2>
</opencv_storage>
